# Created by Octave 5.1.0, Fri Mar 20 22:44:04 2020 PDT <kevin@luoli.local>
# name: v
# type: matrix
# rows: 5
# columns: 1
 80
 90
 100
 120
 111


